r (узлы)			q = u(r)			q*					||q - q*||
===========================================================================
1,000000E+000		1,000000E+000		1,000000E+000		1,110223E-016
===========================================================================
1,500000E+000		1,589723E+000		1,500000E+000		8,972254E-002
===========================================================================
2,000000E+000		2,091699E+000		2,000000E+000		9,169905E-002
===========================================================================
2,500000E+000		2,549785E+000		2,500000E+000		4,978493E-002
===========================================================================
3,000000E+000		2,993699E+000		3,000000E+000		6,300861E-003
===========================================================================
3,500000E+000		3,443685E+000		3,500000E+000		5,631535E-002
===========================================================================
4,000000E+000		3,917401E+000		4,000000E+000		8,259878E-002
===========================================================================
4,500000E+000		4,430449E+000		4,500000E+000		6,955099E-002
===========================================================================
5,000000E+000		5,000000E+000		5,000000E+000		0,000000E+000
===========================================================================
Относительная погрешность ||q* - q|| / ||q*|| = 1,876621730579023E-002
